Character | Press | Release
1           2       130
2           3       131          
3           4       132
4           5       133
5           6       134
6           7       135
7           8       136
8           9       137
9           10      138
0           11      139
-           12      140
=           13      141
BACKSPACE   14      142
TAB         15      143
q           16      144
w           17      145
e           18      146
r           19      147
t           20      148
y           21      149
u           22      150
i           23      151
o           24      152
p           25      153
[           26      154
]           27      155
ENTER       28      156
LCTRL       29      157
a           30      158
s           31      159
d           32      160
f           33      161
g           34      162
h           35      163
j           36      164
k           37      165
l           38      166
;           39      167
'           40      168
`           41      169
LSHIFT      42      170
\           43      171
z           44      172
x           45      173
c           46      174
v           47      175
b           48      176
n           49      177
m           50      178
,           51      179 
.           52      180
/           53      181
RSHIFT      54      182
LALT        56      184
SPACE       57      185
CAPSLOCK    58      186
F1          59      187
F2          60      188
F3          61      189
F4          62      190
F5          63      191
F6          64      192
F7          65      193
F8          66      194
F9          67      195
F10         68      196
F11         87      215
F12         88      216

RCTRL       224 29  224 157
RALT        224 56  224 184
UARROW      224 72  224 200
LARROW      224 75  224 203
RARROW      224 77  224 205
DARROW      224 80  224 208
LCOMMAND    224 91  224 219
RCOMMAND    224 92  224 220
LCLICK      224 93  224 221
